=== RUN   TestGetSafeCodePreamble
50;0;68;82
82;0;30;52
52;1;48;0
0;0;5;95
95;1;60;55
55;0;55;0
0;0;1;99
99;0;99;0
0;1;14;14
14;0;82;32
--- PASS: TestGetSafeCodePreamble (0.00s)
=== RUN   TestGetSafeCode
50;0;37;13
13;0;16;97
97;0;20;77
77;0;18;59
59;1;30;89
89;1;11;0
0;1;47;47
47;1;38;85
85;0;49;36
36;1;22;58
58;1;23;81
81;0;43;38
38;1;47;85
85;0;40;45
45;1;20;65
65;0;42;23
23;0;17;6
6;1;38;44
44;1;30;74
74;0;36;38
38;1;11;49
49;0;8;41
41;0;42;99
99;1;45;44
44;0;34;10
10;1;46;56
56;0;16;40
40;0;30;10
10;1;48;58
58;1;38;96
96;1;26;22
22;0;20;2
2;0;9;93
93;0;28;65
65;0;29;36
36;1;16;52
52;1;31;83
83;1;23;6
6;1;38;44
44;1;43;87
87;1;47;34
34;1;49;83
83;0;19;64
64;1;29;93
93;0;50;43
43;1;14;57
57;0;44;13
13;0;24;89
89;1;33;22
22;0;99;23
23;1;99;22
22;0;26;96
96;1;25;21
21;0;46;75
75;0;75;0
0;1;14;14
14;0;85;29
29;0;3;26
26;1;44;70
70;1;83;53
53;1;94;47
47;1;80;27
27;1;35;62
62;1;67;29
29;1;71;0
0;1;6;6
6;0;5;1
1;1;60;61
61;1;98;59
59;0;59;0
0;1;64;64
64;1;36;0
0;0;34;66
66;1;43;9
9;0;94;15
15;0;65;50
50;1;50;0
0;1;31;31
31;0;31;0
0;0;20;80
80;1;20;0
0;1;85;85
85;0;13;72
72;1;96;68
68;1;38;6
6;1;75;81
81;1;65;46
46;1;24;70
70;0;69;1
1;1;99;0
0;0;4;96
96;0;45;51
51;0;37;14
14;1;2;16
16;0;69;47
47;0;47;0
0;0;72;28
28;1;45;73
73;1;13;86
86;0;86;0
0;0;24;76
76;0;76;0
0;0;19;81
81;1;14;95
95;0;53;42
42;1;20;62
62;0;9;53
53;0;95;58
58;1;77;35
35;0;69;66
66;1;44;10
10;0;10;0
0;0;90;10
10;1;90;0
0;0;19;81
81;0;4;77
77;0;77;0
0;1;305;5
5;1;56;61
61;0;58;3
3;0;3;0
0;1;95;95
95;1;5;0
0;1;164;64
64;0;40;24
24;0;860;64
64;1;36;0
0;1;45;45
45;1;76;21
21;1;8;29
29;1;44;73
73;0;73;0
0;1;66;66
66;1;18;84
84;0;40;44
44;0;529;15
15;1;68;83
83;0;183;0
0;1;36;36
36;0;96;40
40;0;47;93
93;1;97;90
90;0;80;10
10;1;890;0
0;1;96;96
96;1;4;0
0;1;5;5
5;1;64;69
69;0;72;97
97;0;97;0
0;0;93;7
7;0;286;21
21;0;9;12
12;1;88;0
0;1;78;78
78;0;878;0
0;1;32;32
32;1;93;25
25;1;175;0
0;1;76;76
76;0;13;63
63;0;63;0
0;1;780;80
80;0;43;37
37;1;827;64
64;1;84;48
48;1;71;19
19;1;83;2
2;1;80;82
82;0;668;14
14;0;872;42
42;0;742;0
0;0;79;21
21;1;89;10
10;1;62;72
72;1;828;0
0;1;712;12
12;1;88;0
0;0;98;2
2;1;198;0
0;1;148;48
48;1;49;97
97;0;1;96
96;1;4;0
0;1;412;12
12;0;15;97
97;1;40;37
37;0;28;9
9;0;509;0
0;0;16;84
84;0;784;0
0;0;64;36
36;1;64;0
0;1;8;8
8;0;618;90
90;0;90;0
0;0;815;85
85;1;15;0
0;1;40;40
40;1;29;69
69;1;35;4
4;1;596;0
0;1;76;76
76;1;73;49
49;0;49;0
0;0;96;4
4;1;96;0
0;1;25;25
25;0;725;0
0;0;17;83
83;0;83;0
0;0;25;75
75;0;75;0
0;0;68;32
32;0;81;51
51;0;14;37
37;1;938;75
75;0;913;62
62;0;62;0
0;0;20;80
80;1;20;0
0;0;385;15
15;0;92;23
23;0;12;11
11;0;53;58
58;0;958;0
0;0;23;77
77;0;77;0
0;0;81;19
19;0;80;39
39;0;739;0
0;1;81;81
81;1;719;0
0;1;71;71
71;0;86;85
85;1;260;45
45;0;45;0
0;0;87;13
13;0;90;23
23;0;8;15
15;0;68;47
47;1;53;0
0;1;82;82
82;0;18;64
64;0;64;0
0;0;93;7
7;0;12;95
95;1;44;39
39;1;58;97
97;0;59;38
38;1;28;66
66;1;34;0
0;1;181;81
81;0;77;4
4;0;4;0
0;0;402;98
98;1;2;0
0;1;57;57
57;1;43;0
0;1;141;41
41;1;159;0
0;1;476;76
76;0;828;48
48;1;71;19
19;1;49;68
68;0;68;0
0;1;846;46
46;1;54;0
0;1;505;5
5;0;94;11
11;0;11;0
0;0;49;51
51;0;98;53
53;0;79;74
74;0;76;98
98;1;2;0
0;1;52;52
52;0;10;42
42;0;13;29
29;0;30;99
99;1;50;49
49;1;51;0
0;0;44;56
56;0;484;72
72;0;72;0
0;1;850;50
50;0;804;46
46;0;625;21
21;0;21;0
0;0;84;16
16;1;78;94
94;0;2;92
92;1;35;27
27;1;97;24
24;0;36;88
88;1;74;62
62;0;913;49
49;0;25;24
24;1;76;0
0;1;560;60
60;0;76;84
84;0;384;0
0;0;14;86
86;1;28;14
14;0;6;8
8;1;892;0
0;1;651;51
51;0;895;56
56;1;244;0
0;1;48;48
48;1;34;82
82;1;55;37
37;0;37;0
0;1;91;91
91;0;68;23
23;1;53;76
76;1;24;0
0;1;43;43
43;0;84;59
59;1;41;0
0;0;35;65
65;0;635;30
30;0;30;0
0;1;63;63
63;1;67;30
30;1;74;4
4;1;65;69
69;1;59;28
28;0;88;40
40;1;68;8
8;0;83;25
25;0;625;0
0;1;72;72
72;1;62;34
34;1;36;70
70;1;30;0
0;0;34;66
66;1;79;45
45;1;21;66
66;1;34;0
0;1;74;74
74;1;48;22
22;1;21;43
43;0;43;0
0;0;41;59
59;1;67;26
26;1;5;31
31;0;31;0
0;1;29;29
29;0;27;2
2;1;275;77
77;1;23;0
0;1;1;1
1;1;8;9
9;0;8;1
1;0;67;34
34;1;71;5
5;1;86;91
91;1;928;19
19;1;73;92
92;1;80;72
72;0;41;31
31;1;5;36
36;0;982;54
54;0;50;4
4;1;295;99
99;0;99;0
0;0;33;67
67;1;5;72
72;1;29;1
1;1;56;57
57;0;62;95
95;1;281;76
76;1;61;37
37;0;36;1
1;1;68;69
69;1;889;58
58;0;21;37
37;1;29;66
66;0;57;9
9;0;291;18
18;0;18;0
0;0;9;91
91;0;73;18
18;0;99;19
19;0;75;44
44;0;856;88
88;1;907;95
95;0;56;39
39;1;66;5
5;1;95;0
0;1;45;45
45;1;54;99
99;0;99;0
0;0;45;55
55;1;21;76
76;0;25;51
51;1;57;8
8;0;76;32
32;1;68;0
0;1;36;36
36;0;36;0
0;0;6;94
94;1;6;0
0;1;8;8
8;1;40;48
48;1;2;50
50;0;71;79
79;0;68;11
11;0;27;84
84;1;315;99
99;1;82;81
81;1;19;0
0;1;79;79
79;1;55;34
34;1;16;50
50;1;81;31
31;0;64;67
67;1;33;0
0;1;32;32
32;1;70;2
2;0;2;0
0;1;93;93
93;1;93;86
86;1;80;66
66;0;5;61
61;1;11;72
72;0;445;27
27;1;373;0
0;1;34;34
34;0;39;95
95;1;5;0
0;0;48;52
52;0;14;38
38;1;62;0
0;0;54;46
46;1;58;4
4;1;356;60
60;1;39;99
99;1;19;18
18;1;82;0
0;1;453;53
53;0;53;0
0;1;895;95
95;0;295;0
0;1;6;6
6;0;106;0
0;0;22;78
78;0;10;68
68;1;32;0
0;1;249;49
49;0;40;9
9;1;38;47
47;1;65;12
12;1;88;0
0;0;68;32
32;0;87;45
45;1;555;0
0;0;12;88
88;1;39;27
27;1;29;56
56;1;15;71
71;0;271;0
0;1;3;3
3;0;15;88
88;1;696;84
84;1;55;39
39;0;927;12
12;0;69;43
43;0;343;0
0;0;3;97
97;1;59;56
56;1;84;40
40;1;21;61
61;0;61;0
0;0;1;99
99;1;58;57
57;0;583;74
74;0;75;99
99;1;53;52
52;1;48;0
0;0;780;20
20;0;20;0
0;0;26;74
74;1;476;50
50;1;75;25
25;1;875;0
0;1;81;81
81;1;77;58
58;1;891;49
49;0;90;59
59;0;59;0
0;1;17;17
17;1;146;63
63;1;920;83
83;0;83;0
0;0;98;2
2;1;98;0
0;0;793;7
7;0;7;0
0;0;87;13
13;1;87;0
0;0;72;28
28;1;4;32
32;0;58;74
74;1;83;57
57;0;45;12
12;0;93;19
19;0;19;0
0;0;53;47
47;1;353;0
0;0;83;17
17;0;17;0
0;1;43;43
43;1;820;63
63;0;63;0
0;0;307;93
93;1;7;0
0;1;58;58
58;1;42;0
0;1;53;53
53;1;96;49
49;0;96;53
53;1;26;79
79;0;54;25
25;1;729;54
54;1;82;36
36;1;53;89
89;0;83;6
6;0;83;23
23;1;424;47
47;1;46;93
93;1;7;0
0;0;33;67
67;0;433;34
34;1;51;85
85;0;81;4
4;1;570;74
74;1;7;81
81;1;87;68
68;1;885;53
53;1;649;2
2;1;906;8
8;0;81;27
27;1;887;14
14;0;61;53
53;1;47;0
0;1;35;35
35;0;701;34
34;0;34;0
0;0;37;63
63;1;37;0
0;1;95;95
95;1;4;99
99;1;98;97
97;1;63;60
60;0;60;0
0;1;207;7
7;0;42;65
65;0;11;54
54;1;25;79
79;0;62;17
17;0;802;15
15;1;47;62
62;0;43;19
19;1;81;0
0;0;88;12
12;0;84;28
28;0;687;41
41;0;41;0
0;0;212;88
88;0;88;0
0;0;747;53
53;0;563;90
90;0;90;0
0;1;568;68
68;1;7;75
75;0;56;19
19;1;32;51
51;1;12;63
63;0;21;42
42;0;42;0
0;1;13;13
13;0;113;0
0;1;62;62
62;0;62;0
0;0;59;41
41;1;43;84
84;0;1;83
83;0;65;18
18;0;18;0
0;1;16;16
16;1;57;73
73;1;236;9
9;1;91;0
0;1;37;37
37;1;304;41
41;1;13;54
54;1;569;23
23;1;77;0
0;0;50;50
50;1;88;38
38;1;62;0
0;1;821;21
21;1;10;31
31;1;527;58
58;1;776;34
34;1;588;22
22;0;21;1
1;1;99;0
0;0;49;51
51;1;20;71
71;0;826;45
45;1;64;9
9;1;293;2
2;1;98;0
0;1;25;25
25;0;27;98
98;0;78;20
20;0;20;0
0;0;97;3
3;1;97;0
0;0;41;59
59;0;459;0
0;1;595;95
95;1;55;50
50;0;1;49
49;1;25;74
74;0;74;0
0;1;63;63
63;1;61;24
24;0;13;11
11;1;98;9
9;0;22;87
87;0;187;0
0;1;24;24
24;0;65;59
59;0;52;7
7;0;93;14
14;0;65;49
49;1;95;44
44;1;11;55
55;0;55;0
0;1;39;39
39;0;39;0
0;1;9;9
9;1;59;68
68;1;32;0
0;1;772;72
72;1;34;6
6;0;6;0
0;0;78;22
22;1;78;0
0;1;77;77
77;1;47;24
24;0;34;90
90;0;197;93
93;0;493;0
0;0;2;98
98;0;224;74
74;1;80;54
54;1;33;87
87;0;80;7
7;0;22;85
85;0;30;55
55;1;913;68
68;1;58;26
26;0;680;46
46;1;54;0
0;0;90;10
10;1;32;42
42;1;43;85
85;0;86;99
99;1;1;0
0;0;1;99
99;0;219;80
80;0;87;93
93;0;73;20
20;1;92;12
12;1;24;36
36;1;64;0
0;0;74;26
26;0;30;96
96;1;710;6
6;1;474;80
80;1;20;0
0;0;68;32
32;0;78;54
54;0;154;0
0;0;33;67
67;1;33;0
0;0;972;28
28;1;72;0
0;1;62;62
62;1;138;0
0;1;409;9
9;1;35;44
44;0;44;0
0;0;350;50
50;1;50;0
0;1;659;59
59;1;46;5
5;1;19;24
24;0;514;10
10;1;92;2
2;1;87;89
89;0;82;7
7;0;2;5
5;0;284;21
21;1;28;49
49;0;49;0
0;1;294;94
94;0;35;59
59;0;59;0
0;0;44;56
56;0;99;57
57;1;77;34
34;1;57;91
91;0;57;34
34;0;58;76
76;1;24;0
0;1;5;5
5;0;5;0
0;1;90;90
90;0;90;0
0;1;32;32
32;1;88;20
20;0;354;66
66;0;36;30
30;0;631;99
99;1;24;23
23;0;21;2
2;0;11;91
91;1;9;0
0;0;417;83
83;0;12;71
71;0;609;62
62;0;62;0
0;1;589;89
89;1;7;96
96;1;13;9
9;0;47;62
62;0;46;16
16;1;32;48
48;0;48;0
0;0;59;41
41;1;67;8
8;0;54;54
54;0;177;77
77;0;61;16
16;1;99;15
15;0;81;34
34;0;44;90
90;0;90;0
0;1;746;46
46;0;644;2
2;0;648;54
54;0;41;13
13;0;13;0
0;1;21;21
21;0;84;37
37;0;37;0
0;1;11;11
11;1;589;0
0;1;313;13
13;0;13;0
0;0;8;92
92;1;983;75
75;0;875;0
0;1;20;20
20;0;19;1
1;0;1;0
0;1;631;31
31;0;31;0
0;1;39;39
39;0;21;18
18;1;58;76
76;1;49;25
25;0;6;19
19;0;25;94
94;0;857;37
37;1;63;0
0;1;36;36
36;1;45;81
81;1;19;0
0;1;468;68
68;1;80;48
48;1;510;58
58;1;10;68
68;1;86;54
54;1;26;80
80;1;90;70
70;1;54;24
24;0;140;84
84;0;32;52
52;0;2;50
50;1;50;0
0;1;98;98
98;1;24;22
22;0;85;37
37;0;62;75
75;0;75;0
0;0;22;78
78;1;1;79
79;1;921;0
0;1;94;94
94;1;68;62
62;1;88;50
50;1;588;38
38;1;18;56
56;0;477;79
79;1;63;42
42;1;44;86
86;0;86;0
0;1;90;90
90;0;90;0
0;1;330;30
30;1;670;0
0;0;11;89
89;0;89;0
0;0;18;82
82;0;19;63
63;1;16;79
79;1;21;0
0;0;50;50
50;0;705;45
45;0;45;0
0;0;21;79
79;1;621;0
0;1;29;29
29;0;55;74
74;1;53;27
27;0;85;42
42;1;6;48
48;1;48;96
96;0;46;50
50;1;50;0
0;0;98;2
2;0;877;25
25;1;75;0
0;0;51;49
49;1;48;97
97;0;33;64
64;1;99;63
63;0;6;57
57;1;16;73
73;0;12;61
61;0;61;0
0;1;773;73
73;0;15;58
58;1;261;19
19;0;81;38
38;0;43;95
95;1;23;18
18;0;318;0
0;1;57;57
57;0;57;0
0;1;36;36
36;1;48;84
84;1;81;65
65;1;385;50
50;1;50;0
0;1;363;63
63;0;22;41
41;1;2;43
43;0;13;30
30;0;16;14
14;0;52;62
62;0;62;0
0;0;58;42
42;1;58;0
0;1;54;54
54;1;3;57
57;1;95;52
52;0;83;69
69;1;29;98
98;0;102;96
96;0;85;11
11;1;28;39
39;0;670;69
69;1;40;9
9;1;91;0
0;0;28;72
72;0;88;84
84;0;92;92
92;0;15;77
77;0;72;5
5;0;852;53
53;0;31;22
22;0;22;0
0;1;36;36
36;0;36;0
0;1;61;61
61;1;39;0
0;0;21;79
79;0;579;0
0;0;7;93
93;1;135;28
28;0;54;74
74;1;73;47
47;1;53;0
0;0;331;69
69;0;1;68
68;1;241;9
9;1;14;23
23;1;55;78
78;0;66;12
12;0;812;0
0;0;19;81
81;0;94;87
87;1;389;76
76;0;20;56
56;1;44;0
0;1;847;47
47;1;91;38
38;0;38;0
0;1;81;81
81;1;19;0
0;0;35;65
65;0;89;76
76;0;3;73
73;1;27;0
0;1;79;79
79;1;21;0
0;0;39;61
61;1;73;34
34;0;34;0
0;0;47;53
53;0;499;54
54;1;397;51
51;1;649;0
0;1;42;42
42;1;60;2
2;1;23;25
25;0;62;63
63;1;18;81
81;1;519;0
0;1;25;25
25;0;25;0
0;1;51;51
51;1;98;49
49;1;151;0
0;1;72;72
72;1;7;79
79;0;79;0
0;0;30;70
70;1;79;49
49;1;41;90
90;1;779;69
69;0;69;0
0;0;9;91
91;0;64;27
27;1;73;0
0;0;74;26
26;0;391;35
35;0;35;0
0;1;34;34
34;1;90;24
24;1;76;0
0;0;17;83
83;0;52;31
31;1;24;55
55;1;97;52
52;1;48;0
0;0;28;72
72;0;20;52
52;1;910;62
62;1;538;0
0;0;36;64
64;0;27;37
37;0;19;18
18;0;405;13
13;1;19;32
32;1;3;35
35;0;35;0
0;0;12;88
88;1;238;26
26;0;26;0
0;1;95;95
95;0;595;0
0;0;70;30
30;0;30;0
0;1;34;34
34;1;34;68
68;1;99;67
67;0;67;0
0;1;15;15
15;0;898;17
17;0;961;56
56;1;44;0
0;0;29;71
71;0;21;50
50;0;50;0
0;0;45;55
55;0;4;51
51;1;77;28
28;0;24;4
4;1;86;90
90;0;590;0
0;1;562;62
62;0;17;45
45;1;255;0
0;0;698;2
2;0;865;37
37;1;47;84
84;0;95;89
89;0;89;0
0;0;78;22
22;1;57;79
79;1;21;0
0;1;74;74
74;0;974;0
0;0;36;64
64;0;13;51
51;1;149;0
0;1;82;82
82;0;30;52
52;0;80;72
72;1;35;7
7;1;97;4
4;0;11;93
93;1;55;48
48;1;2;50
50;1;98;48
48;0;48;0
0;0;16;84
84;1;16;0
0;1;36;36
36;0;222;14
14;1;74;88
88;1;66;54
54;0;54;0
0;1;373;73
73;0;373;0
0;0;88;12
12;0;62;50
50;1;50;0
0;1;68;68
68;0;39;29
29;1;471;0
0;1;241;41
41;1;3;44
44;1;56;0
0;0;122;78
78;0;176;2
2;0;63;39
39;1;140;79
79;1;77;56
56;0;56;0
0;0;39;61
61;0;61;0
0;0;27;73
73;0;76;97
97;0;97;0
0;1;70;70
70;1;74;44
44;1;52;96
96;0;74;22
22;0;46;76
76;1;24;0
0;0;85;15
15;1;693;8
8;0;58;50
50;1;86;36
36;1;64;0
0;0;714;86
86;0;35;51
51;1;749;0
0;1;38;38
38;1;6;44
44;1;73;17
17;0;19;98
98;0;98;0
0;1;10;10
10;0;10;0
0;0;41;59
59;0;97;62
62;1;38;0
0;1;80;80
80;0;782;98
98;0;74;24
24;1;276;0
0;0;76;24
24;1;34;58
58;1;30;88
88;1;61;49
49;1;861;10
10;0;10;0
0;1;6;6
6;1;84;90
90;1;10;0
0;0;436;64
64;0;64;0
0;0;27;73
73;0;30;43
43;0;47;96
96;0;96;0
0;1;471;71
71;1;72;43
43;0;91;52
52;1;99;51
51;1;27;78
78;1;22;0
0;0;2;98
98;0;98;0
0;1;1;1
1;0;1;0
0;1;78;78
78;0;78;0
0;0;520;80
80;0;80;0
0;0;12;88
88;1;112;0
0;0;57;43
43;1;67;10
10;0;24;86
86;0;26;60
60;0;58;2
2;1;3;5
5;0;85;20
20;0;220;0
0;0;77;23
23;0;51;72
72;1;90;62
62;1;3;65
65;1;635;0
0;0;42;58
58;1;85;43
43;1;557;0
0;0;22;78
78;1;81;59
59;0;59;0
0;1;546;46
46;1;56;2
2;0;9;93
93;1;7;0
0;1;68;68
68;1;403;71
71;1;97;68
68;0;30;38
38;1;62;0
0;1;61;61
61;1;61;22
22;0;58;64
64;1;29;93
93;0;96;97
97;1;45;42
42;1;603;45
45;0;45;0
0;1;56;56
56;0;12;44
44;1;656;0
0;0;3;97
97;1;988;85
85;1;665;50
50;0;36;14
14;1;122;36
36;0;349;87
87;1;13;0
0;1;44;44
44;0;12;32
32;1;39;71
71;1;29;0
0;0;52;48
48;0;48;0
0;1;89;89
89;1;70;59
59;0;59;0
0;1;97;97
97;0;93;4
4;1;96;0
0;1;43;43
43;0;43;0
0;1;63;63
63;0;63;0
0;1;838;38
38;0;99;39
39;1;61;0
0;1;314;14
14;1;60;74
74;0;878;96
96;1;93;89
89;1;22;11
11;0;11;0
0;1;43;43
43;0;364;79
79;0;750;29
29;0;774;55
55;0;99;56
56;0;91;65
65;0;342;23
23;0;95;28
28;0;171;57
57;0;816;41
41;0;54;87
87;1;13;0
0;1;95;95
95;0;795;0
0;0;2;98
98;1;16;14
14;1;927;41
41;1;83;24
24;0;524;0
0;0;57;43
43;0;43;0
0;1;57;57
57;1;479;36
36;1;148;84
84;0;32;52
52;1;48;0
0;0;57;43
43;0;43;0
0;1;51;51
51;1;179;30
30;1;270;0
0;1;82;82
82;1;18;0
0;0;80;20
20;1;29;49
49;0;49;0
0;0;91;9
9;0;9;0
0;1;83;83
83;1;51;34
34;1;66;0
0;0;95;5
5;0;24;81
81;1;15;96
96;0;61;35
35;0;35;0
0;1;75;75
75;1;65;40
40;1;760;0
0;0;78;22
22;0;22;0
0;0;1;99
99;1;701;0
0;1;57;57
57;1;43;0
0;1;318;18
18;0;99;19
19;1;3;22
22;0;22;0
0;1;91;91
91;0;91;0
0;1;5;5
5;0;58;47
47;0;347;0
0;0;837;63
63;0;72;91
91;0;91;0
0;1;11;11
11;0;11;0
0;0;90;10
10;0;37;73
73;0;73;0
0;0;25;75
75;0;3;72
72;1;80;52
52;0;95;57
57;0;92;65
65;0;65;0
0;0;1;99
99;1;139;38
38;0;69;69
69;0;69;0
0;0;67;33
33;1;20;53
53;0;53;0
0;1;759;59
59;1;41;0
0;0;92;8
8;1;1;9
9;0;9;0
0;0;55;45
45;1;70;15
15;0;56;59
59;1;47;6
6;1;694;0
0;0;37;63
63;1;477;40
40;0;40;0
0;0;55;45
45;1;355;0
0;1;84;84
84;1;31;15
15;0;291;24
24;1;21;45
45;0;45;0
0;0;583;17
17;1;83;0
0;1;554;54
54;0;74;80
80;0;80;0
0;1;92;92
92;0;83;9
9;1;1;10
10;1;98;8
8;0;26;82
82;0;77;5
5;0;5;0
0;0;91;9
9;0;9;0
0;0;19;81
81;0;9;72
72;0;72;0
0;0;1;99
99;0;62;37
37;1;99;36
36;0;17;19
19;1;81;0
0;1;40;40
40;1;81;21
21;0;21;0
0;1;87;87
87;1;829;16
16;0;1;15
15;1;83;98
98;0;98;0
0;1;531;31
31;1;28;59
59;0;19;40
40;0;81;59
59;1;41;0
0;0;98;2
2;1;65;67
67;1;19;86
86;1;90;76
76;1;24;0
0;1;97;97
97;1;8;5
5;1;8;13
13;1;87;0
0;0;22;78
78;0;78;0
0;0;64;36
36;1;21;57
57;1;43;0
0;1;820;20
20;0;52;68
68;0;32;36
36;0;11;25
25;1;5;30
30;0;9;21
21;0;9;12
12;1;80;92
92;0;2;90
90;0;90;0
0;1;50;50
50;1;74;24
24;0;19;5
5;0;318;87
87;0;87;0
0;1;99;99
99;1;67;66
66;0;66;0
0;1;610;10
10;0;510;0
0;0;77;23
23;0;23;0
0;0;15;85
85;1;515;0
0;1;63;63
63;0;63;0
0;1;71;71
71;1;24;95
95;1;984;79
79;0;79;0
0;0;73;27
27;0;11;16
16;0;16;0
0;0;11;89
89;0;89;0
0;1;81;81
81;0;81;0
0;0;31;69
69;0;14;55
55;0;36;19
19;0;428;91
91;1;480;71
71;0;20;51
51;1;92;43
43;1;57;0
0;1;85;85
85;1;55;40
40;1;60;0
0;0;55;45
45;0;45;0
0;0;41;59
59;0;37;22
22;0;55;67
67;1;62;29
29;1;71;0
0;1;13;13
13;0;413;0
0;1;570;70
70;0;70;0
0;0;47;53
53;0;78;75
75;0;75;0
0;0;87;13
13;1;39;52
52;1;48;0
0;1;608;8
8;0;8;0
0;1;49;49
49;0;57;92
92;0;160;32
32;0;65;67
67;1;14;81
81;1;28;9
9;0;9;0
0;0;89;11
11;0;84;27
27;0;27;0
0;0;60;40
40;1;25;65
65;1;123;88
88;0;88;0
0;1;33;33
33;1;67;0
0;0;32;68
68;0;293;75
75;1;215;90
90;1;82;72
72;1;35;7
7;0;7;0
0;1;39;39
39;0;39;0
0;1;51;51
51;0;51;0
0;1;9;9
9;0;9;0
0;1;660;60
60;1;40;0
0;1;164;64
64;0;64;0
0;1;88;88
88;1;12;0
0;1;292;92
92;0;92;0
0;1;22;22
22;1;9;31
31;0;571;60
60;0;960;0
0;1;88;88
88;0;87;1
1;1;99;0
0;1;81;81
81;0;81;0
0;0;5;95
95;0;55;40
40;0;3;37
37;1;63;0
0;1;1;1
1;1;29;30
30;1;574;4
4;0;4;0
0;0;67;33
33;1;167;0
0;1;255;55
55;0;55;0
0;0;5;95
95;0;71;24
24;1;76;0
0;1;70;70
70;1;37;7
7;1;28;35
35;1;65;0
0;0;68;32
32;0;26;6
6;0;529;77
77;1;676;53
53;1;31;84
84;0;14;70
70;0;70;0
0;1;2;2
2;1;98;0
0;0;54;46
46;1;81;27
27;1;37;64
64;1;398;62
62;0;62;0
0;1;45;45
45;1;555;0
0;0;39;61
61;0;961;0
0;0;48;52
52;1;48;0
0;1;23;23
23;1;77;0
0;1;52;52
52;1;73;25
25;1;75;0
0;0;67;33
33;0;84;49
49;1;51;0
0;0;44;56
56;1;32;88
88;0;88;0
0;0;312;88
88;1;58;46
46;1;44;90
90;0;52;38
38;0;32;6
6;0;6;0
0;1;163;63
63;0;157;6
6;1;94;0
0;1;69;69
69;0;80;89
89;0;89;0
0;0;85;15
15;1;80;95
95;1;5;0
0;1;22;22
22;0;922;0
0;1;46;46
46;1;276;22
22;0;83;39
39;1;461;0
0;0;17;83
83;0;83;0
0;1;54;54
54;0;62;92
92;1;91;83
83;1;17;0
0;1;49;49
49;1;272;21
21;1;4;25
25;0;25;0
0;1;17;17
17;1;83;0
0;0;76;24
24;1;692;16
16;0;63;53
53;1;123;76
76;0;76;0
0;1;790;90
90;1;56;46
46;0;89;57
57;1;43;0
0;0;57;43
43;1;5;48
48;0;78;70
70;0;59;11
11;0;68;43
43;0;43;0
0;1;28;28
28;1;17;45
45;1;25;70
70;1;91;61
61;0;62;99
99;0;99;0
0;1;312;12
12;1;671;83
83;1;8;91
91;1;48;39
39;1;24;63
63;0;63;0
0;0;468;32
32;0;765;67
67;0;35;32
32;0;32;0
0;0;76;24
24;1;348;72
72;0;88;84
84;1;11;95
95;0;290;5
5;0;705;0
0;0;13;87
87;0;87;0
0;1;67;67
67;1;33;0
0;1;20;20
20;1;58;78
78;0;25;53
53;0;876;77
77;1;58;35
35;1;65;0
0;1;280;80
80;1;7;87
87;1;13;0
0;0;11;89
89;1;11;0
0;1;16;16
16;0;16;0
0;0;94;6
6;0;41;65
65;0;65;0
0;1;44;44
44;0;26;18
18;1;82;0
0;0;99;1
1;0;1;0
0;0;90;10
10;0;85;25
25;0;25;0
0;1;59;59
59;0;75;84
84;0;84;0
0;1;4;4
4;1;96;0
0;0;59;41
41;0;32;9
9;0;389;20
20;1;32;52
52;0;465;87
87;1;13;0
0;1;94;94
94;1;6;0
0;0;48;52
52;0;83;69
69;0;53;16
16;1;53;69
69;0;84;85
85;1;50;35
35;1;49;84
84;1;16;0
0;1;28;28
28;1;224;52
52;0;72;80
80;1;7;87
87;0;87;0
0;0;85;15
15;1;14;29
29;1;60;89
89;0;33;56
56;0;91;65
65;1;90;55
55;0;55;0
0;1;35;35
35;1;8;43
43;1;57;0
0;1;78;78
78;1;76;54
54;1;51;5
5;0;5;0
0;1;41;41
41;0;41;0
0;0;20;80
80;1;4;84
84;0;84;0
0;1;68;68
68;1;32;0
0;1;1;1
1;1;99;0
0;0;15;85
85;1;1;86
86;0;65;21
21;0;66;55
55;0;47;8
8;1;92;0
0;1;72;72
72;0;52;20
20;1;53;73
73;0;993;80
80;0;470;10
10;0;66;44
44;1;61;5
5;0;5;0
0;0;57;43
43;1;322;65
65;0;36;29
29;0;87;42
42;0;958;84
84;1;845;29
29;1;71;0
0;1;75;75
75;0;75;0
0;1;16;16
16;1;44;60
60;0;695;65
65;1;61;26
26;0;26;0
0;0;16;84
84;0;84;0
0;1;4;4
4;0;77;27
27;1;73;0
0;1;166;66
66;0;77;89
89;0;89;0
0;0;88;12
12;0;24;88
88;0;88;0
0;0;81;19
19;1;81;0
0;0;43;57
57;0;5;52
52;0;20;32
32;0;952;80
80;1;27;7
7;0;33;74
74;1;10;84
84;1;16;0
0;0;33;67
67;0;68;99
99;1;69;68
68;0;23;45
45;1;55;0
0;1;689;89
89;1;31;20
20;1;5;25
25;1;75;0
0;1;26;26
26;1;5;31
31;1;69;0
0;1;82;82
82;0;40;42
42;0;42;0
0;0;28;72
72;0;62;10
10;1;90;0
0;0;73;27
27;0;51;76
76;0;291;85
85;0;63;22
22;0;147;75
75;0;75;0
0;0;47;53
53;0;174;79
79;1;53;32
32;0;75;57
57;1;43;0
0;0;82;18
18;1;93;11
11;1;91;2
2;0;39;63
63;1;58;21
21;0;47;74
74;1;81;55
55;1;84;39
39;0;39;0
0;1;45;45
45;1;8;53
53;0;842;11
11;0;11;0
0;1;52;52
52;0;52;0
0;0;75;25
25;1;53;78
78;1;37;15
15;0;15;0
0;0;69;31
31;1;22;53
53;1;269;22
22;1;441;63
63;0;67;96
96;1;27;23
23;0;74;49
49;0;13;36
36;0;19;17
17;1;339;56
56;1;44;0
0;0;11;89
89;1;699;88
88;1;352;40
40;1;76;16
16;1;84;0
0;1;7;7
7;1;993;0
0;1;23;23
23;0;23;0
0;1;863;63
63;0;63;0
0;1;49;49
49;0;49;0
0;1;59;59
59;1;24;83
83;0;83;0
0;1;13;13
13;0;295;18
18;1;75;93
93;0;213;80
80;1;20;0
0;1;86;86
86;0;70;16
16;0;16;0
0;0;343;57
57;0;56;1
1;1;99;0
0;0;166;34
34;1;21;55
55;0;61;94
94;0;17;77
77;0;77;0
0;1;21;21
21;0;21;0
0;0;97;3
3;0;30;73
73;0;73;0
0;1;70;70
70;0;3;67
67;1;44;11
11;0;35;76
76;0;67;9
9;1;191;0
0;0;377;23
23;1;451;74
74;1;126;0
0;1;90;90
90;0;90;0
0;1;74;74
74;1;7;81
81;1;30;11
11;1;389;0
0;1;64;64
64;1;137;1
1;0;51;50
50;1;50;0
0;1;5;5
5;0;43;62
62;0;62;0
0;1;83;83
83;1;58;41
41;0;93;48
48;1;52;0
0;1;11;11
11;0;58;53
53;1;247;0
0;1;34;34
34;0;34;0
0;0;53;47
47;0;4;43
43;1;69;12
12;1;81;93
93;0;41;52
52;1;23;75
75;1;25;0
0;0;92;8
8;1;61;69
69;1;31;0
0;1;327;27
27;1;82;9
9;0;9;0
0;1;87;87
87;1;217;4
4;0;793;11
11;0;97;14
14;1;18;32
32;0;86;46
46;1;54;0
0;0;76;24
24;0;24;0
0;1;615;15
15;1;19;34
34;0;34;0
0;0;64;36
36;0;737;99
99;1;1;0
0;0;30;70
70;1;78;48
48;0;87;61
61;0;73;88
88;1;45;33
33;0;40;93
93;0;83;10
10;1;61;71
71;1;29;0
0;1;13;13
13;1;74;87
87;0;32;55
55;0;82;73
73;1;32;5
5;0;3;2
2;0;33;69
69;0;38;31
31;1;47;78
78;1;22;0
0;1;83;83
83;0;931;52
52;1;271;23
23;1;49;72
72;0;17;55
55;0;20;35
35;1;65;0
0;1;55;55
55;0;12;43
43;0;43;0
0;1;38;38
38;0;80;58
58;0;58;0
0;1;61;61
61;0;90;71
71;0;271;0
0;0;91;9
9;0;4;5
5;1;74;79
79;1;21;0
0;0;20;80
80;0;56;24
24;0;47;77
77;1;68;45
45;1;55;0
0;1;249;49
49;0;24;25
25;1;612;37
37;0;54;83
83;0;768;15
15;1;335;50
50;1;85;35
35;0;364;71
71;0;12;59
59;0;59;0
0;1;68;68
68;0;268;0
0;0;90;10
10;1;90;0
0;0;31;69
69;0;25;44
44;1;32;76
76;1;24;0
0;0;39;61
61;0;51;10
10;0;10;0
0;1;88;88
88;1;13;1
1;0;1;0
0;0;15;85
85;1;88;73
73;1;27;0
0;0;923;77
77;0;331;46
46;1;94;40
40;0;526;14
14;0;14;0
0;1;550;50
50;0;914;36
36;1;93;29
29;1;71;0
0;0;146;54
54;1;67;21
21;0;36;85
85;1;76;61
61;1;839;0
0;0;95;5
5;0;66;39
39;0;15;24
24;1;76;0
0;0;50;50
50;0;859;91
91;1;51;42
42;0;74;68
68;1;60;28
28;1;72;0
0;1;24;24
24;1;956;80
80;0;571;9
9;0;43;66
66;1;47;13
13;1;87;0
0;0;60;40
40;1;29;69
69;0;69;0
0;1;989;89
89;0;98;91
91;0;591;0
0;0;40;60
60;0;814;46
46;1;90;36
36;1;371;7
7;0;107;0
0;0;54;46
46;0;43;3
3;0;45;58
58;0;97;61
61;0;61;0
0;0;832;68
68;0;843;25
25;1;14;39
39;1;9;48
48;1;52;0
0;1;48;48
48;0;81;67
67;0;81;86
86;1;48;34
34;0;34;0
0;0;305;95
95;0;62;33
33;0;533;0
0;0;93;7
7;1;795;2
2;0;39;63
63;1;90;53
53;0;60;93
93;0;58;35
35;1;65;0
0;1;935;35
35;1;65;0
0;0;70;30
30;1;62;92
92;0;403;89
89;0;89;0
0;1;66;66
66;0;65;1
1;1;17;18
18;0;66;52
52;1;503;55
55;1;94;49
49;1;650;99
99;0;88;11
11;0;517;94
94;1;106;0
0;1;85;85
85;1;8;93
93;0;72;21
21;1;70;91
91;1;4;95
95;0;139;56
56;0;56;0
0;0;623;77
77;1;27;4
4;0;61;43
43;0;43;0
0;0;873;27
27;1;673;0
0;1;63;63
63;0;62;1
1;1;63;64
64;1;36;0
0;0;275;25
25;0;625;0
0;0;927;73
73;0;63;10
10;0;77;33
33;0;9;24
24;1;96;20
20;0;124;96
96;0;32;64
64;1;43;7
7;1;68;75
75;0;29;46
46;1;54;0
0;1;24;24
24;0;48;76
76;0;7;69
69;0;39;30
30;1;12;42
42;1;58;0
0;0;96;4
4;0;56;48
48;1;252;0
0;0;5;95
95;0;16;79
79;0;24;55
55;1;45;0
0;1;450;50
50;1;71;21
21;1;24;45
45;0;57;88
88;0;467;21
21;0;87;34
34;1;66;0
0;1;670;70
70;0;33;37
37;0;68;69
69;0;57;12
12;1;29;41
41;1;176;17
17;1;9;26
26;0;26;0
0;0;88;12
12;1;56;68
68;0;68;0
0;1;24;24
24;1;820;44
44;1;489;33
33;0;33;0
0;1;41;41
41;1;66;7
7;1;93;0
0;1;686;86
86;0;69;17
17;1;82;99
99;0;879;20
20;0;635;85
85;1;94;79
79;1;21;0
0;0;68;32
32;1;68;0
0;1;58;58
58;0;58;0
0;0;24;76
76;0;76;0
0;1;94;94
94;1;6;0
0;1;2;2
2;1;266;68
68;0;521;47
47;1;64;11
11;1;9;20
20;0;33;87
87;1;63;50
50;0;13;37
37;1;74;11
11;0;64;47
47;0;98;49
49;0;49;0
0;0;542;58
58;1;42;0
0;0;57;43
43;0;96;47
47;0;52;95
95;1;5;0
0;0;91;9
9;0;59;50
50;1;113;63
63;0;63;0
0;0;71;29
29;1;87;16
16;1;64;80
80;0;80;0
0;0;81;19
19;1;19;38
38;0;69;69
69;1;28;97
97;0;97;0
0;1;890;90
90;0;90;0
0;1;404;4
4;0;32;72
72;0;54;18
18;0;255;63
63;1;237;0
0;0;3;97
97;1;423;20
20;0;120;0
0;1;9;9
9;1;356;65
65;0;375;90
90;1;10;0
0;0;71;29
29;1;24;53
53;0;546;7
7;1;93;0
0;1;5;5
5;0;5;0
0;1;47;47
47;0;376;71
71;0;84;87
87;1;13;0
0;0;30;70
70;0;70;0
0;1;878;78
78;1;86;64
64;1;21;85
85;0;85;0
0;0;394;6
6;0;71;35
35;0;465;70
70;0;623;47
47;0;20;27
27;0;17;10
10;1;78;88
88;0;836;52
52;0;45;7
7;1;93;0
0;0;68;32
32;1;78;10
10;1;30;40
40;0;140;0
0;1;24;24
24;0;24;0
0;1;643;43
43;1;9;52
52;1;48;0
0;1;95;95
95;1;94;89
89;0;31;58
58;0;58;0
0;0;16;84
84;1;17;1
1;0;746;55
55;1;844;99
99;1;31;30
30;1;70;0
0;1;84;84
84;0;84;0
0;0;879;21
21;1;61;82
82;1;470;52
52;0;48;4
4;1;287;91
91;1;5;96
96;0;796;0
0;1;59;59
59;1;71;30
30;1;70;0
0;0;58;42
42;1;740;82
82;1;18;0
0;1;98;98
98;0;1;97
97;0;97;0
0;1;7;7
7;0;7;0
0;0;901;99
99;1;420;19
19;0;80;39
39;0;9;30
30;0;76;54
54;0;97;57
57;0;59;98
98;1;15;13
13;0;98;15
15;0;45;70
70;1;18;88
88;1;12;0
0;0;36;64
64;0;64;0
0;1;25;25
25;0;25;0
0;0;91;9
9;0;94;15
15;0;95;20
20;1;80;0
0;1;305;5
5;0;90;15
15;0;27;88
88;0;82;6
6;1;77;83
83;0;83;0
0;1;544;44
44;0;70;74
74;1;26;0
0;1;37;37
37;1;31;68
68;1;133;1
1;1;21;22
22;0;93;29
29;0;29;0
0;1;499;99
99;0;499;0
0;0;269;31
31;1;69;0
0;0;675;25
25;1;25;50
50;0;50;0
0;0;25;75
75;1;214;89
89;0;85;4
4;1;96;0
0;1;2;2
2;1;28;30
30;0;30;0
0;0;18;82
82;1;83;65
65;0;65;0
0;1;12;12
12;0;358;54
54;1;2;56
56;0;56;0
0;1;36;36
36;0;3;33
33;1;167;0
0;1;44;44
44;0;43;1
1;0;501;0
0;0;85;15
15;0;82;33
33;1;67;0
0;1;290;90
90;0;31;59
59;0;7;52
52;1;48;0
0;0;24;76
76;1;130;6
6;1;423;29
29;1;20;49
49;0;15;34
34;0;95;39
39;1;61;0
0;1;81;81
81;1;19;0
0;0;98;2
2;0;536;66
66;0;66;0
0;1;69;69
69;0;42;27
27;1;52;79
79;1;8;87
87;0;687;0
0;1;76;76
76;0;8;68
68;0;176;92
92;0;44;48
48;1;52;0
0;1;6;6
6;1;94;0
0;1;86;86
86;0;12;74
74;1;178;52
52;0;99;53
53;0;53;0
0;1;933;33
33;1;67;0
0;1;6;6
6;1;44;50
50;0;50;0
0;0;25;75
75;0;28;47
47;0;42;5
5;0;18;87
87;0;666;21
21;1;74;95
95;0;98;97
97;1;3;0
0;1;2;2
2;0;33;69
69;1;654;23
23;0;73;50
50;0;65;85
85;1;71;56
56;1;44;0
0;0;25;75
75;1;61;36
36;0;98;38
38;1;62;0
0;1;80;80
80;0;7;73
73;0;23;50
50;0;50;0
0;0;609;91
91;0;43;48
48;1;52;0
0;1;96;96
96;1;81;77
77;0;77;0
0;1;55;55
55;0;529;26
26;0;94;32
32;1;26;58
58;0;40;18
18;0;18;0
0;0;32;68
68;1;33;1
1;1;4;5
5;0;87;18
18;0;18;0
0;0;29;71
71;0;74;97
97;0;283;14
14;1;46;60
60;1;40;0
0;0;787;13
13;0;113;0
0;1;473;73
73;1;71;44
44;0;99;45
45;1;58;3
3;1;78;81
81;1;19;0
0;1;1;1
1;0;18;83
83;0;65;18
18;1;251;69
69;0;69;0
0;0;90;10
10;1;90;0
0;1;77;77
77;1;11;88
88;1;12;0
0;0;591;9
9;0;9;0
0;0;76;24
24;0;48;76
76;1;24;0
0;0;96;4
4;0;766;38
38;1;44;82
82;0;837;45
45;1;574;19
19;0;6;13
13;1;87;0
0;1;870;70
70;0;615;55
55;0;355;0
0;0;64;36
36;1;5;41
41;0;22;19
19;0;21;98
98;1;59;57
57;1;18;75
75;1;525;0
0;1;24;24
24;1;76;0
0;0;510;90
90;1;135;25
25;0;25;0
0;1;911;11
11;0;72;39
39;0;239;0
0;1;81;81
81;0;45;36
36;1;42;78
78;1;49;27
27;1;773;0
0;0;72;28
28;1;448;76
76;1;50;26
26;1;21;47
47;0;47;0
0;0;16;84
84;1;16;0
0;1;207;7
7;0;7;0
0;1;797;97
97;1;10;7
7;1;75;82
82;0;64;18
18;0;18;0
0;0;7;93
93;0;93;0
0;0;656;44
44;1;693;37
37;1;11;48
48;1;35;83
83;1;17;0
0;1;16;16
16;1;84;0
0;0;835;65
65;1;35;0
0;0;64;36
36;0;64;72
72;0;95;77
77;0;13;64
64;1;81;45
45;0;180;65
65;0;571;94
94;1;38;32
32;1;68;0
0;1;688;88
88;1;789;77
77;0;41;36
36;0;396;40
40;1;73;13
13;1;66;79
79;1;8;87
87;1;51;38
38;1;71;9
9;0;9;0
0;0;793;7
7;1;695;2
2;1;94;96
96;1;83;79
79;0;79;0
0;0;171;29
29;1;271;0
0;1;947;47
47;1;53;0
0;0;57;43
43;1;57;0
0;1;18;18
18;1;894;12
12;0;212;0
0;1;481;81
81;1;619;0
0;0;29;71
71;1;81;52
52;0;33;19
19;1;56;75
75;1;63;38
38;0;38;0
0;0;98;2
2;1;98;0
0;1;3;3
3;1;41;44
44;1;856;0
0;1;72;72
72;1;85;57
57;1;93;50
50;1;719;69
69;0;198;71
71;0;62;9
9;0;609;0
0;1;59;59
59;1;841;0
0;0;58;42
42;1;671;13
13;0;313;0
0;1;12;12
12;0;69;43
43;0;79;64
64;0;54;10
10;1;90;0
0;1;266;66
66;0;966;0
0;1;590;90
90;1;10;0
0;1;76;76
76;0;73;3
3;1;97;0
0;1;627;27
27;0;14;13
13;1;987;0
0;1;714;14
14;0;97;17
17;0;89;28
28;0;28;0
0;0;71;29
29;1;601;30
30;1;70;0
0;0;868;32
32;1;19;51
51;1;144;95
95;1;631;26
26;1;71;97
97;0;997;0
0;1;82;82
82;0;92;90
90;1;29;19
19;1;281;0
0;1;708;8
8;1;69;77
77;0;933;44
44;0;63;81
81;0;187;94
94;1;34;28
28;0;728;0
0;1;41;41
41;0;81;60
60;1;794;54
54;0;54;0
0;1;297;97
97;0;42;55
55;1;67;22
22;1;678;0
0;1;32;32
32;0;98;34
34;1;92;26
26;0;26;0
0;0;4;96
96;1;4;0
0;0;90;10
10;0;73;37
37;1;48;85
85;1;85;70
70;1;80;50
50;1;31;81
81;1;319;0
0;1;10;10
10;1;90;0
0;0;49;51
51;1;6;57
57;1;79;36
36;0;94;42
42;1;59;1
1;1;407;8
8;0;89;19
19;0;19;0
0;1;102;2
2;0;2;0
0;1;36;36
36;1;976;12
12;0;75;37
37;0;16;21
21;0;203;18
18;1;89;7
7;1;454;61
61;0;84;77
77;0;50;27
27;0;83;44
44;1;44;88
88;0;12;76
76;0;676;0
0;0;19;81
81;1;63;44
44;1;746;90
90;1;144;34
34;0;88;46
46;0;46;0
0;1;85;85
85;0;597;88
88;1;89;77
77;1;8;85
85;1;230;15
15;1;93;8
8;1;472;80
80;0;75;5
5;0;98;7
7;1;5;12
12;1;88;0
0;1;86;86
86;1;18;4
4;1;96;0
0;1;65;65
65;0;65;0
0;0;13;87
87;1;33;20
20;0;20;0
0;1;687;87
87;0;87;0
0;1;38;38
38;0;38;0
0;0;82;18
18;0;42;76
76;0;28;48
48;0;73;75
75;1;754;29
29;0;81;48
48;1;52;0
0;1;786;86
86;1;80;66
66;0;27;39
39;1;2;41
41;1;89;30
30;0;43;87
87;1;992;79
79;0;79;0
0;0;77;23
23;0;83;40
40;1;15;55
55;1;66;21
21;1;279;0
0;0;808;92
92;1;12;4
4;1;96;0
0;1;45;45
45;0;80;65
65;0;14;51
51;0;670;81
81;0;16;65
65;0;170;95
95;1;5;0
0;1;332;32
32;0;955;77
77;1;9;86
86;1;83;69
69;0;85;84
84;0;84;0
0;0;270;30
30;1;42;72
72;0;472;0
0;1;31;31
31;0;66;65
65;1;98;63
63;1;137;0
0;1;32;32
32;0;395;37
37;0;46;91
91;0;246;45
45;0;59;86
86;1;15;1
1;0;1;0
0;0;10;90
90;0;90;0
0;1;638;38
38;0;405;33
33;1;77;10
10;1;99;9
9;1;97;6
6;0;401;5
5;0;5;0
0;1;70;70
70;1;30;0
0;0;80;20
20;1;81;1
1;1;90;91
91;1;12;3
3;1;742;45
45;0;7;38
38;0;77;61
61;1;739;0
0;1;359;59
59;1;34;93
93;0;84;9
9;0;64;45
45;1;74;19
19;0;17;2
2;0;94;8
8;0;8;0
0;0;625;75
75;0;40;35
35;1;65;0
0;0;95;5
5;1;70;75
75;1;16;91
91;0;45;46
46;1;54;0
0;1;998;98
98;1;524;22
22;0;22;0
0;1;27;27
27;1;52;79
79;1;121;0
0;1;49;49
49;0;9;40
40;0;80;60
60;1;80;40
40;1;712;52
52;1;731;83
83;1;17;0
0;0;48;52
52;1;417;69
69;0;50;19
19;0;19;0
0;1;29;29
29;0;829;0
0;0;772;28
28;0;28;0
0;1;77;77
77;0;77;0
0;0;88;12
12;1;296;8
8;1;907;15
15;0;66;49
49;1;337;86
86;0;748;38
38;1;362;0
0;1;49;49
49;0;70;79
79;1;936;15
15;0;85;30
30;1;770;0
0;1;55;55
55;1;62;17
17;1;37;54
54;1;382;36
36;1;25;61
61;0;55;6
6;1;94;0
0;0;2;98
98;1;702;0
0;0;47;53
53;0;971;82
82;0;94;88
88;0;88;0
0;0;96;4
4;1;94;98
98;1;43;41
41;0;49;92
92;1;15;7
7;0;55;52
52;1;98;50
50;1;35;85
85;0;386;99
99;0;699;0
0;0;10;90
90;0;590;0
0;0;95;5
5;0;67;38
38;0;39;99
99;1;939;38
38;1;31;69
69;1;31;0
0;0;2;98
98;0;83;15
15;1;85;0
0;0;98;2
2;0;34;68
68;1;221;89
89;0;790;99
99;1;145;44
44;0;38;6
6;1;94;0
0;0;72;28
28;1;72;0
0;0;517;83
83;1;64;47
47;0;47;0
0;1;10;10
10;1;39;49
49;0;89;60
60;1;840;0
0;0;82;18
18;0;50;68
68;1;59;27
27;1;673;0
0;1;59;59
59;0;859;0
0;0;22;78
78;0;46;32
32;0;22;10
10;1;7;17
17;0;17;0
0;1;53;53
53;1;58;11
11;1;13;24
24;0;24;0
0;1;25;25
25;0;79;46
46;1;40;86
86;0;86;0
0;1;74;74
74;1;61;35
35;1;54;89
89;0;91;98
98;0;5;93
93;1;117;10
10;1;10;20
20;0;339;81
81;1;75;56
56;0;238;18
18;1;69;87
87;1;36;23
23;1;977;0
0;0;348;52
52;1;450;2
2;0;181;21
21;1;55;76
76;0;76;0
0;1;16;16
16;0;18;98
98;1;181;79
79;0;81;98
98;0;398;0
0;0;20;80
80;1;80;60
60;1;40;0
0;1;95;95
95;0;61;34
34;0;908;26
26;0;702;24
24;0;85;39
39;0;99;40
40;1;226;66
66;1;134;0
0;0;30;70
70;0;90;80
80;0;87;93
93;0;14;79
79;0;86;93
93;1;7;0
0;1;63;63
63;1;715;78
78;1;48;26
26;0;95;31
31;0;31;0
0;1;37;37
37;0;816;21
21;1;59;80
80;0;80;0
0;1;61;61
61;0;61;0
0;0;10;90
90;1;21;11
11;0;11;0
0;0;54;46
46;1;712;58
58;0;258;0
0;0;99;1
1;0;2;99
99;1;37;36
36;0;23;13
13;0;13;0
0;1;335;35
35;1;65;0
0;0;32;68
68;0;668;0
0;1;98;98
98;1;12;10
10;0;58;52
52;0;16;36
36;0;38;98
98;1;3;1
1;1;92;93
93;0;96;97
97;1;3;0
0;1;81;81
81;1;72;53
53;0;62;91
91;1;762;53
53;1;8;61
61;1;91;52
52;0;60;92
92;1;67;59
59;0;29;30
30;0;49;81
81;0;183;98
98;0;98;0
0;1;84;84
84;0;84;0
0;1;89;89
89;1;11;0
0;0;829;71
71;0;40;31
31;1;657;88
88;1;27;15
15;1;41;56
56;0;56;0
0;1;27;27
27;0;59;68
68;1;32;0
0;0;717;83
83;0;69;14
14;1;86;0
0;1;24;24
24;1;76;0
0;1;616;16
16;0;9;7
7;0;11;96
96;0;512;84
84;0;984;0
0;1;29;29
29;1;471;0
0;1;38;38
38;0;94;44
44;0;32;12
12;1;93;5
5;1;95;0
0;0;43;57
57;0;3;54
54;1;89;43
43;1;357;0
0;1;17;17
17;1;3;20
20;1;80;0
0;0;83;17
17;1;13;30
30;0;19;11
11;1;946;57
57;1;93;50
50;0;47;3
3;1;68;71
71;0;86;85
85;0;85;0
0;0;83;17
17;1;70;87
87;1;12;99
99;1;186;85
85;1;78;63
63;0;6;57
57;1;13;70
70;1;48;18
18;0;18;0
0;1;952;52
52;1;48;0
0;0;10;90
90;1;10;0
0;0;48;52
52;1;272;24
24;0;39;85
85;0;751;34
34;1;21;55
55;0;87;68
68;0;68;0
0;0;53;47
47;1;409;56
56;0;56;0
0;0;33;67
67;0;83;84
84;0;84;0
0;0;95;5
5;0;1;4
4;1;41;45
45;1;976;21
21;0;21;0
0;0;437;63
63;0;63;0
0;1;551;51
51;1;9;60
60;1;15;75
75;0;23;52
52;1;69;21
21;1;679;0
0;0;21;79
79;1;12;91
91;1;4;95
95;0;895;0
0;1;687;87
87;0;95;92
92;1;674;66
66;1;91;57
57;1;43;0
0;0;72;28
28;1;672;0
0;0;32;68
68;1;29;97
97;1;295;92
92;1;16;8
8;1;637;45
45;1;755;0
0;0;85;15
15;0;82;33
33;1;76;9
9;1;36;45
45;0;78;67
67;0;56;11
11;0;11;0
0;1;19;19
19;1;61;80
80;1;48;28
28;0;628;0
0;0;45;55
55;0;52;3
3;1;97;0
0;0;98;2
2;0;702;0
0;1;54;54
54;0;854;0
0;0;43;57
57;1;43;0
0;1;41;41
41;1;59;0
0;0;27;73
73;0;23;50
50;0;4;46
46;0;46;0
0;1;31;31
31;0;11;20
20;0;820;0
0;1;20;20
20;1;32;52
52;0;12;40
40;0;40;0
0;1;849;49
49;1;47;96
96;1;69;65
65;0;65;0
0;0;222;78
78;0;78;0
0;1;67;67
67;0;49;18
18;1;184;2
2;1;97;99
99;1;701;0
0;0;86;14
14;1;980;94
94;1;6;0
0;1;44;44
44;0;759;85
85;0;49;36
36;0;50;86
86;0;10;76
76;1;980;56
56;0;56;0
0;1;45;45
45;1;62;7
7;0;15;92
92;0;66;26
26;0;543;83
83;1;17;0
0;0;96;4
4;0;14;90
90;1;67;57
57;0;585;72
72;0;95;77
77;1;23;0
0;0;46;54
54;0;196;58
58;0;70;88
88;0;89;99
99;1;99;98
98;0;72;26
26;0;806;20
20;1;16;36
36;1;92;28
28;0;20;8
8;1;392;0
0;0;98;2
2;0;19;83
83;1;47;30
30;1;38;68
68;0;68;0
0;0;34;66
66;0;66;0
0;0;591;9
9;1;86;95
95;0;95;0
0;0;43;57
57;0;2;55
55;0;90;65
65;0;65;0
0;0;16;84
84;0;284;0
0;0;59;41
41;1;47;88
88;1;70;58
58;0;64;94
94;1;30;24
24;0;16;8
8;0;744;64
64;1;64;28
28;1;72;0
0;0;57;43
43;1;37;80
80;1;747;27
27;1;610;37
37;1;81;18
18;0;74;44
44;1;608;52
52;1;48;0
0;1;816;16
16;0;7;9
9;0;90;19
19;1;81;0
0;1;27;27
27;0;89;38
38;1;54;92
92;0;7;85
85;1;2;87
87;0;187;0
0;1;10;10
10;1;5;15
15;0;15;0
0;0;19;81
81;1;88;69
69;1;231;0
0;0;17;83
83;0;335;48
48;0;58;90
90;1;89;79
79;1;21;0
0;0;64;36
36;1;43;79
79;0;58;21
21;1;79;0
0;0;62;38
38;0;22;16
16;1;4;20
20;1;80;0
0;1;75;75
75;0;79;96
96;0;96;0
0;0;30;70
70;0;70;0
0;1;887;87
87;1;13;0
0;0;6;94
94;1;432;26
26;0;76;50
50;0;50;0
0;0;19;81
81;0;360;21
21;0;28;93
93;1;7;0
0;0;38;62
62;1;938;0
0;1;62;62
62;1;86;48
48;1;52;0
0;1;18;18
18;1;53;71
71;1;782;53
53;0;953;0
0;0;121;79
79;0;79;0
0;0;28;72
72;1;28;0
0;1;6;6
6;0;276;30
30;1;70;0
0;1;71;71
71;0;873;98
98;1;25;23
23;1;29;52
52;0;1;51
51;0;51;0
0;0;27;73
73;1;70;43
43;0;27;16
16;0;69;47
47;0;89;58
58;1;14;72
72;1;28;0
0;1;27;27
27;1;573;0
0;0;4;96
96;0;66;30
30;0;889;41
41;1;3;44
44;0;54;90
90;1;51;41
41;0;58;83
83;0;819;64
64;0;64;0
0;1;37;37
37;1;763;0
0;0;58;42
42;1;65;7
7;0;83;24
24;0;224;0
0;1;73;73
73;1;69;42
42;0;42;0
0;0;5;95
95;1;216;11
11;1;39;50
50;1;114;64
64;1;36;0
0;0;79;21
21;1;43;64
64;1;36;0
0;0;74;26
26;1;74;0
0;1;202;2
2;1;70;72
72;1;22;94
94;1;47;41
41;0;15;26
26;0;53;73
73;1;27;0
0;1;65;65
65;1;235;0
0;1;46;46
46;1;64;10
10;0;10;0
0;0;276;24
24;0;149;75
75;0;4;71
71;0;71;0
0;0;71;29
29;0;37;92
92;0;29;63
63;0;63;0
0;1;757;57
57;1;412;69
69;1;95;64
64;1;936;0
0;1;63;63
63;1;90;53
53;0;53;0
0;1;128;28
28;0;28;0
0;1;529;29
29;1;7;36
36;1;22;58
58;1;642;0
0;1;324;24
24;1;976;0
0;1;64;64
64;0;64;0
0;1;42;42
42;0;49;93
93;1;79;72
72;1;18;90
90;1;6;96
96;0;239;57
57;0;57;0
0;0;41;59
59;0;11;48
48;1;89;37
37;1;32;69
69;0;9;60
60;0;76;84
84;0;184;0
0;0;72;28
28;1;81;9
9;1;11;20
20;1;80;0
0;1;85;85
85;1;15;0
0;1;571;71
71;0;25;46
46;1;95;41
41;1;71;12
12;1;452;64
64;1;132;96
96;1;604;0
0;1;63;63
63;0;663;0
0;1;20;20
20;1;34;54
54;0;50;4
4;0;4;0
0;1;401;1
1;0;501;0
0;0;56;44
44;0;944;0
0;0;135;65
65;0;627;38
38;0;46;92
92;0;91;1
1;1;86;87
87;1;76;63
63;1;84;47
47;1;5;52
52;0;49;3
3;1;88;91
91;1;85;76
76;1;524;0
0;1;51;51
51;1;58;9
9;0;66;43
43;1;34;77
77;0;39;38
38;0;2;36
36;0;38;98
98;0;98;0
0;1;990;90
90;1;630;20
20;0;820;0
0;0;20;80
80;1;86;66
66;1;687;53
53;0;90;63
63;1;38;1
1;0;1;0
0;0;29;71
71;1;81;52
52;1;25;77
77;0;819;58
58;0;24;34
34;0;33;1
1;1;240;41
41;0;63;78
78;1;65;43
43;0;76;67
67;1;42;9
9;0;9;0
0;1;1;1
1;0;171;30
30;0;30;0
0;0;22;78
78;1;32;10
10;1;90;0
0;0;40;60
60;0;11;49
49;0;1;48
48;1;52;0
0;0;42;58
58;1;14;72
72;0;17;55
55;0;825;30
30;1;70;0
0;0;912;88
88;0;40;48
48;0;48;0
0;1;49;49
49;1;67;16
16;0;862;54
54;0;62;92
92;0;29;63
63;0;27;36
36;1;83;19
19;0;19;0
0;0;13;87
87;0;187;0
0;0;61;39
39;1;36;75
75;1;13;88
88;1;63;51
51;1;92;43
43;0;294;49
49;1;545;94
94;0;94;0
0;0;82;18
18;1;20;38
38;0;38;0
0;1;60;60
60;1;31;91
91;0;77;14
14;0;14;0
0;1;86;86
86;0;99;87
87;0;87;0
0;0;4;96
96;0;596;0
0;1;6;6
6;0;18;88
88;0;4;84
84;1;35;19
19;1;54;73
73;0;49;24
24;0;87;37
37;0;84;53
53;0;42;11
11;1;48;59
59;0;7;52
52;1;448;0
0;0;36;64
64;1;36;0
0;0;53;47
47;1;53;0
0;1;92;92
92;1;182;74
74;1;81;55
55;1;85;40
40;1;321;61
61;1;75;36
36;0;62;74
74;1;80;54
54;1;94;48
48;1;97;45
45;1;55;0
0;1;63;63
63;1;246;9
9;1;791;0
0;0;44;56
56;0;56;0
0;1;387;87
87;0;26;61
61;1;21;82
82;1;18;0
0;1;29;29
29;0;88;41
41;1;84;25
25;0;25;0
0;1;27;27
27;1;73;0
0;1;42;42
42;1;18;60
60;0;60;0
0;1;20;20
20;1;388;8
8;0;708;0
0;1;89;89
89;1;11;0
0;0;852;48
48;1;86;34
34;0;31;3
3;0;43;60
60;0;60;0
0;0;60;40
40;1;60;0
0;1;4;4
4;1;484;88
88;1;29;17
17;1;3;20
20;1;80;0
0;0;3;97
97;1;78;75
75;0;75;0
0;1;173;73
73;1;551;24
24;0;32;92
92;1;6;98
98;1;802;0
0;0;32;68
68;0;72;96
96;0;47;49
49;1;89;38
38;0;838;0
0;1;9;9
9;1;91;0
0;0;47;53
53;1;38;91
91;1;49;40
40;0;53;87
87;1;213;0
0;0;17;83
83;0;90;93
93;0;49;44
44;0;92;52
52;1;112;64
64;0;64;0
0;0;85;15
15;0;56;59
59;0;78;81
81;1;847;28
28;1;79;7
7;0;28;79
79;1;15;94
94;0;3;91
91;0;86;5
5;1;95;0
0;0;18;82
82;1;21;3
3;0;31;72
72;1;617;89
89;1;11;0
0;1;57;57
57;1;743;0
0;1;12;12
12;1;91;3
3;0;28;75
75;0;75;0
0;0;53;47
47;1;211;58
58;0;587;71
71;0;19;52
52;0;52;0
0;0;56;44
44;1;25;69
69;1;56;25
25;0;25;0
0;0;430;70
70;1;30;0
0;0;5;95
95;0;195;0
0;0;6;94
94;0;79;15
15;1;85;0
0;0;76;24
24;0;524;0
0;1;20;20
20;0;33;87
87;1;62;49
49;0;10;39
39;1;44;83
83;0;56;27
27;0;27;0
0;1;39;39
39;0;39;0
0;0;866;34
34;1;60;94
94;1;393;87
87;0;74;13
13;0;60;53
53;1;36;89
89;1;522;11
11;0;918;93
93;0;358;35
35;1;77;12
12;0;18;94
94;0;94;0
0;0;10;90
90;0;6;84
84;0;24;60
60;1;540;0
0;0;28;72
72;0;18;54
54;1;451;5
5;1;515;20
20;1;37;57
57;1;30;87
87;0;87;0
0;1;91;91
91;1;6;97
97;0;41;56
56;0;80;76
76;0;41;35
35;1;865;0
0;0;49;51
51;0;712;39
39;0;210;29
29;0;78;51
51;1;70;21
21;0;21;0
0;0;56;44
44;0;44;0
0;0;807;93
93;1;7;0
0;0;27;73
73;0;60;13
13;0;78;35
35;0;3;32
32;0;30;2
2;0;89;13
13;0;55;58
58;0;58;0
0;0;928;72
72;1;23;95
95;0;60;35
35;1;65;0
0;0;73;27
27;0;35;92
92;1;8;0
0;1;72;72
72;1;28;0
0;0;6;94
94;0;51;43
43;0;531;12
12;0;855;57
57;1;43;0
0;0;64;36
36;1;64;0
0;1;73;73
73;1;35;8
8;1;989;97
97;0;49;48
48;0;48;0
0;1;98;98
98;1;2;0
0;0;40;60
60;1;41;1
1;0;1;0
0;1;89;89
89;1;23;12
12;1;88;0
0;1;32;32
32;1;93;25
25;1;75;0
0;1;442;42
42;1;58;0
0;0;18;82
82;0;94;88
88;0;71;17
17;0;17;0
0;0;26;74
74;0;23;51
51;0;31;20
20;0;31;89
89;1;76;65
65;0;492;73
73;0;6;67
67;1;33;0
0;1;87;87
87;1;13;0
0;0;38;62
62;1;21;83
83;0;21;62
62;1;13;75
75;1;49;24
24;0;647;77
77;0;77;0
0;0;753;47
47;0;1;46
46;1;64;10
10;0;10;0
0;0;51;49
49;0;1;48
48;1;2;50
50;1;50;0
0;1;86;86
86;1;59;45
45;1;55;0
0;0;1;99
99;0;99;0
0;0;158;42
42;1;24;66
66;0;366;0
0;1;60;60
60;1;40;0
0;0;35;65
65;1;335;0
0;0;84;16
16;0;16;0
0;0;98;2
2;0;885;17
17;1;87;4
4;1;96;0
0;1;51;51
51;0;27;24
24;1;60;84
84;1;16;0
0;1;37;37
37;1;18;55
55;0;777;78
78;1;27;5
5;1;95;0
0;0;88;12
12;1;68;80
80;0;67;13
13;1;26;39
39;1;361;0
0;0;70;30
30;1;770;0
0;0;316;84
84;1;22;6
6;1;47;53
53;1;31;84
84;1;497;81
81;0;68;13
13;0;18;95
95;1;70;65
65;0;3;62
62;1;138;0
0;0;92;8
8;0;8;0
0;1;43;43
43;1;57;0
0;1;47;47
47;1;153;0
0;1;7;7
7;1;680;87
87;0;10;77
77;1;28;5
5;0;205;0
0;1;767;67
67;1;98;65
65;0;765;0
0;0;31;69
69;0;698;71
71;1;29;0
0;0;55;45
45;1;55;0
0;0;7;93
93;1;21;14
14;1;71;85
85;0;1;84
84;1;16;0
0;0;12;88
88;0;88;0
0;1;815;15
15;0;225;90
90;0;69;21
21;0;33;88
88;0;88;0
0;0;72;28
28;1;64;92
92;0;87;5
5;0;405;0
0;0;30;70
70;1;82;52
52;0;52;0
0;0;901;99
99;1;7;6
6;1;1;7
7;0;437;70
70;0;52;18
18;0;818;0
0;0;12;88
88;0;87;1
1;0;90;11
11;1;89;0
0;0;84;16
16;0;47;69
69;0;69;0
0;0;34;66
66;0;819;47
47;1;53;0
0;1;617;17
17;0;347;70
70;1;57;27
27;0;27;0
0;1;790;90
90;0;60;30
30;0;30;0
0;0;77;23
23;0;23;0
0;0;97;3
3;0;3;0
0;1;16;16
16;0;89;27
27;1;659;86
86;1;87;73
73;0;21;52
52;1;748;0
0;0;55;45
45;1;55;0
0;1;668;68
68;1;98;66
66;1;88;54
54;1;46;0
0;1;91;91
91;1;55;46
46;1;43;89
89;0;5;84
84;0;184;0
0;0;85;15
15;0;48;67
67;1;35;2
2;1;78;80
80;1;20;0
0;1;91;91
91;1;509;0
0;1;18;18
18;1;66;84
84;1;75;59
59;0;97;62
62;0;48;14
14;0;14;0
0;0;297;3
3;1;97;0
0;0;63;37
37;0;89;48
48;1;81;29
29;1;71;0
0;1;51;51
51;1;449;0
0;1;171;71
71;0;79;92
92;0;957;35
35;1;4;39
39;0;909;30
30;1;70;0
0;0;10;90
90;0;90;0
0;1;65;65
65;0;65;0
0;0;54;46
46;0;46;0
0;0;89;11
11;0;11;0
0;1;27;27
27;1;27;54
54;0;357;97
97;1;11;8
8;1;92;0
0;1;87;87
87;0;771;16
16;0;95;21
21;0;26;95
95;0;95;0
0;0;14;86
86;1;329;15
15;0;130;85
85;0;42;43
43;0;43;0
0;1;53;53
53;0;8;45
45;0;45;0
0;1;76;76
76;1;285;61
61;1;539;0
0;1;40;40
40;1;98;38
38;0;38;0
0;1;52;52
52;1;228;80
80;1;837;17
17;0;65;52
52;1;85;37
37;1;96;33
33;1;41;74
74;0;174;0
0;1;596;96
96;0;536;60
60;1;71;31
31;1;69;0
0;0;5;95
95;1;96;91
91;0;91;0
0;0;290;10
10;1;90;0
0;0;458;42
42;0;93;49
49;0;49;0
0;1;26;26
26;1;24;50
50;0;30;20
20;1;280;0
0;1;74;74
74;1;26;0
0;0;518;82
82;1;70;52
52;0;23;29
29;0;75;54
54;1;70;24
24;0;404;20
20;1;39;59
59;1;45;4
4;1;8;12
12;0;418;94
94;1;41;35
35;0;34;1
1;0;54;47
47;0;17;30
30;1;8;38
38;1;61;99
99;1;1;0
0;0;52;48
48;0;48;0
0;1;34;34
34;0;49;85
85;0;23;62
62;0;8;54
54;1;157;11
11;0;23;88
88;0;688;0
0;0;74;26
26;0;60;66
66;0;66;0
0;1;26;26
26;1;5;31
31;1;36;67
67;1;33;0
0;1;41;41
41;1;56;97
97;1;80;77
77;0;75;2
2;1;698;0
0;0;26;74
74;0;2;72
72;1;28;0
0;0;764;36
36;1;64;0
0;1;31;31
31;0;16;15
15;1;89;4
4;1;52;56
56;1;43;99
99;0;440;59
59;0;59;0
0;0;90;10
10;0;36;74
74;0;38;36
36;0;37;99
99;1;1;0
0;0;489;11
11;1;89;0
0;0;92;8
8;0;22;86
86;0;86;0
0;1;394;94
94;0;94;0
0;1;18;18
18;1;845;63
63;1;637;0
0;0;63;37
37;1;44;81
81;1;19;0
0;0;83;17
17;0;74;43
43;0;50;93
93;0;567;26
26;1;83;9
9;0;45;64
64;1;84;48
48;0;215;33
33;0;133;0
0;1;58;58
58;0;414;44
44;0;860;84
84;1;60;44
44;0;65;79
79;0;79;0
0;0;73;27
27;0;64;63
63;1;476;39
39;0;846;93
93;0;86;7
7;0;7;0
0;0;75;25
25;0;78;47
47;1;53;0
0;1;95;95
95;0;35;60
60;1;40;0
0;1;33;33
33;0;45;88
88;1;12;0
0;0;94;6
6;0;55;51
51;1;49;0
0;1;37;37
37;0;941;96
96;0;96;0
0;0;91;9
9;1;376;85
85;0;22;63
63;0;8;55
55;0;55;0
0;0;26;74
74;0;174;0
0;1;899;99
99;0;99;0
0;0;537;63
63;0;53;10
10;0;233;77
77;1;980;57
57;0;57;0
0;1;48;48
48;0;95;53
53;1;47;0
0;0;37;63
63;1;53;16
16;0;68;48
48;0;48;0
0;1;86;86
86;1;10;96
96;0;538;58
58;1;742;0
0;1;38;38
38;0;38;0
0;0;7;93
93;0;452;41
41;0;790;51
51;1;5;56
56;0;656;0
0;1;34;34
34;0;68;66
66;1;607;73
73;0;51;22
22;0;986;36
36;1;64;0
0;1;91;91
91;1;95;86
86;1;95;81
81;1;526;7
7;0;66;41
41;0;16;25
25;0;21;4
4;1;96;0
0;0;947;53
53;0;24;29
29;1;71;0
0;1;43;43
43;1;430;73
73;0;91;82
82;1;618;0
0;1;19;19
19;1;81;0
0;1;4;4
4;0;4;0
0;0;31;69
69;1;51;20
20;0;120;0
0;1;49;49
49;0;49;0
0;1;24;24
24;0;24;0
0;1;44;44
44;0;206;38
38;0;65;73
73;1;18;91
91;1;496;87
87;0;22;65
65;1;266;31
31;1;41;72
72;0;72;0
0;0;19;81
81;1;719;0
0;1;228;28
28;1;80;8
8;0;645;63
63;1;10;73
73;0;34;39
39;0;39;0
0;1;44;44
44;1;756;0
0;0;23;77
77;0;66;11
11;1;6;17
17;1;51;68
68;0;68;0
0;1;12;12
12;1;88;0
0;0;68;32
32;1;68;0
0;0;463;37
37;0;887;50
50;0;85;65
65;0;6;59
59;0;935;24
24;0;24;0
0;0;57;43
43;0;43;0
0;0;86;14
14;0;699;15
15;1;85;0
0;1;31;31
31;0;48;83
83;1;17;0
0;1;829;29
29;0;29;0
0;1;73;73
73;1;104;77
77;1;473;50
50;0;50;0
0;0;26;74
74;0;55;19
19;0;19;0
0;1;92;92
92;1;8;0
0;1;8;8
8;1;6;14
14;1;86;0
0;0;81;19
19;0;906;13
13;1;51;64
64;1;95;59
59;1;541;0
0;1;13;13
13;1;41;54
54;1;895;49
49;1;61;10
10;0;10;0
0;0;23;77
77;0;12;65
65;0;65;0
0;1;2;2
2;0;2;0
0;1;5;5
5;0;56;49
49;1;25;74
74;1;19;93
93;1;49;42
42;0;77;65
65;0;65;0
0;1;87;87
87;1;90;77
77;0;353;24
24;1;3;27
27;1;73;0
0;1;47;47
47;0;94;53
53;0;953;0
0;0;11;89
89;1;11;0
0;0;13;87
87;1;35;22
22;1;978;0
0;0;12;88
88;1;90;78
78;0;97;81
81;0;781;0
0;0;17;83
83;0;24;59
59;0;783;76
76;0;87;89
89;1;11;0
0;0;55;45
45;0;93;52
52;0;27;25
25;1;128;53
53;0;745;8
8;0;608;0
0;0;76;24
24;1;76;0
0;1;13;13
13;0;113;0
0;0;44;56
56;0;37;19
19;1;84;3
3;1;39;42
42;1;68;10
10;1;744;54
54;0;54;0
0;0;615;85
85;1;363;48
48;1;27;75
75;1;72;47
47;1;85;32
32;0;32;0
0;1;963;63
63;1;37;0
0;1;41;41
41;1;59;0
0;1;33;33
33;1;67;0
0;0;671;29
29;1;43;72
72;1;863;35
35;0;35;0
0;0;66;34
34;0;29;5
5;1;53;58
58;0;76;82
82;1;118;0
0;1;78;78
78;0;84;94
94;0;382;12
12;0;12;0
0;0;41;59
59;0;59;0
0;0;61;39
39;1;67;6
6;1;94;0
0;1;69;69
69;1;31;0
0;0;312;88
88;1;57;45
45;0;45;0
0;0;75;25
25;1;56;81
81;0;95;86
86;0;4;82
82;0;82;0
0;1;59;59
59;1;617;76
76;0;76;0
0;1;95;95
95;0;11;84
84;0;43;41
41;0;41;0
0;1;476;76
76;0;72;4
4;0;67;37
37;1;390;27
27;1;30;57
57;1;43;0
0;0;46;54
54;1;729;83
83;0;89;94
94;1;79;73
73;1;33;6
6;0;42;64
64;1;38;2
2;1;83;85
85;0;2;83
83;1;97;80
80;1;20;0
0;1;429;29
29;1;64;93
93;0;47;46
46;1;29;75
75;1;25;0
0;0;599;1
1;1;83;84
84;1;976;60
60;0;66;94
94;1;64;58
58;0;422;36
36;0;936;0
0;1;85;85
85;1;15;0
0;0;6;94
94;0;18;76
76;1;43;19
19;0;94;25
25;1;42;67
67;0;31;36
36;0;2;34
34;1;76;10
10;1;35;45
45;1;12;57
57;0;57;0
0;1;88;88
88;0;908;80
80;1;891;71
71;0;70;1
1;1;299;0
0;1;49;49
49;1;15;64
64;1;247;11
11;1;89;0
0;0;49;51
51;0;12;39
39;1;61;0
0;0;291;9
9;0;78;31
31;1;53;84
84;0;538;46
46;0;82;64
64;1;74;38
38;0;38;0
0;1;620;20
20;1;15;35
35;1;65;0
0;0;59;41
41;0;241;0
0;0;82;18
18;1;827;45
45;1;55;0
0;0;73;27
27;0;48;79
79;0;56;23
23;1;77;0
0;0;462;38
38;0;68;70
70;1;8;78
78;1;19;97
97;0;523;74
74;1;26;0
0;0;898;2
2;0;63;39
39;0;39;0
0;1;76;76
76;1;12;88
88;0;88;0
0;0;8;92
92;0;918;74
74;0;311;63
63;0;63;0
0;1;77;77
77;1;91;68
68;0;68;0
0;0;71;29
29;1;48;77
77;1;523;0
0;0;89;11
11;1;96;7
7;1;893;0
0;1;92;92
92;1;8;0
0;1;73;73
73;1;12;85
85;0;51;34
34;0;444;90
90;1;64;54
54;0;79;75
75;0;61;14
14;1;714;28
28;1;69;97
97;1;7;4
4;0;430;74
74;1;19;93
93;1;88;81
81;1;836;17
17;0;17;0
0;0;29;71
71;1;29;0
0;0;68;32
32;0;39;93
93;1;75;68
68;0;27;41
41;1;74;15
15;1;41;56
56;1;66;22
22;0;56;66
66;0;83;83
83;1;29;12
12;1;80;92
92;1;97;89
89;0;89;0
0;0;87;13
13;1;287;0
0;1;41;41
41;1;59;0
0;0;12;88
88;0;88;0
0;1;42;42
42;0;42;0
0;1;84;84
84;1;71;55
55;0;87;68
68;0;50;18
18;1;82;0
0;1;37;37
37;1;86;23
23;1;14;37
37;1;263;0
0;0;399;1
1;0;7;94
94;1;22;16
16;0;61;55
55;0;16;39
39;1;61;0
0;0;29;71
71;1;29;0
0;0;180;20
20;1;22;42
42;0;142;0
0;1;43;43
43;1;248;91
91;1;33;24
24;1;76;0
0;0;26;74
74;0;17;57
57;1;58;15
15;0;9;6
6;0;6;0
0;1;52;52
52;1;59;11
11;0;97;14
14;1;55;69
69;0;56;13
13;0;90;23
23;0;823;0
0;0;37;63
63;0;63;0
0;1;56;56
56;1;13;69
69;1;82;51
51;0;54;97
97;0;31;66
66;1;734;0
0;0;268;32
32;0;504;28
28;1;72;0
0;0;75;25
25;1;75;0
0;0;16;84
84;0;45;39
39;1;22;61
61;0;61;0
0;1;515;15
15;0;15;0
0;1;32;32
32;0;72;60
60;0;60;0
0;1;59;59
59;0;92;67
67;1;29;96
96;1;204;0
0;1;6;6
6;0;969;37
37;0;11;26
26;1;74;0
0;1;66;66
66;1;48;14
14;1;86;0
0;0;50;50
50;1;94;44
44;0;44;0
0;0;32;68
68;1;91;59
59;1;49;8
8;1;92;0
0;1;52;52
52;1;48;0
0;0;36;64
64;0;61;3
3;1;97;0
0;0;7;93
93;0;86;7
7;0;7;0
0;0;87;13
13;1;87;0
0;0;99;1
1;1;46;47
47;1;46;93
93;1;90;83
83;1;92;75
75;0;75;0
0;0;83;17
17;0;17;0
0;1;4;4
4;1;75;79
79;1;59;38
38;1;78;16
16;0;73;43
43;0;10;33
33;1;67;0
0;1;49;49
49;1;51;0
0;1;87;87
87;0;25;62
62;0;62;0
0;1;5;5
5;1;95;0
0;1;47;47
47;1;24;71
71;0;20;51
51;1;84;35
35;1;65;0
0;0;14;86
86;1;31;17
17;1;83;0
0;1;66;66
66;0;66;0
0;0;19;81
81;1;10;91
91;0;12;79
79;0;32;47
47;0;12;35
35;1;2;37
37;1;29;66
66;1;16;82
82;1;42;24
24;1;1;25
25;1;39;64
64;1;32;96
96;1;5;1
1;1;19;20
20;0;30;90
90;1;31;21
21;0;19;2
2;0;13;89
89;1;37;26
26;0;9;17
17;1;20;37
37;0;50;87
87;0;41;46
46;1;24;70
70;1;2;72
72;0;12;60
60;0;45;15
15;0;5;10
10;0;1;9
9;0;40;69
69;1;46;15
15;0;32;83
83;0;18;65
65;1;26;91
91;0;29;62
62;1;13;75
75;0;27;48
48;0;25;23
23;1;23;46
46;0;41;5
5;1;17;22
22;1;22;44
44;0;30;14
14;0;43;71
71;0;35;36
36;1;26;62
62;0;5;57
57;1;6;63
63;0;15;48
48;0;44;4
4;0;11;93
    mod_test.go:36: 1071 != 0
--- FAIL: TestGetSafeCode (0.01s)
FAIL
FAIL	github.com/AlesiRowland/adventofcode2025/day1_test	0.317s
FAIL
